0 0.0 0.0 0.0 
1 0.0 0.0 0.0 
2 0.0 0.0 9.532646036902775e-05 
3 0.0 0.0 0.0004858333775851058 
4 0.0 0.0 0.000786277512896011 
5 0.0 0.0 0.0009480009252264226 
6 0.0 0.0 0.0010350381281720564 
7 0.0 0.0 0.0011037975184991073 
8 0.0 0.0 0.0011331414897779212 
9 0.0 0.0 0.0011439175244283332 
10 1.4368046200549108e-06 7.373076339755464e-06 0.001137161779628267 
11 1.580485082060402e-05 1.951029431442984e-05 0.0011240647528993049 
12 0.0001063235418840634 3.198780812016985e-05 0.0011309448365607218 
13 0.00027011926857032324 6.306816069083136e-05 0.0011127084702292555 
14 0.0006135155727634469 6.2160705141323e-05 0.0010946378890462573 
15 0.0009181181522150882 7.543224255288283e-05 0.00107532391924975 
16 0.0008922556690540997 0.0001323750782845327 0.0010463115182678718 
17 0.0006853558037661925 0.0002283385026450423 0.0010410892860911339 
18 0.0006724245621856985 0.0003102363659881722 0.0009927214690256315 
19 0.0010201312802389866 0.0003742119822285119 0.0009757699375947912 
20 0.001469851126316174 0.0004182235763796676 0.0009154241435524852 
21 0.0019296286047337451 0.0004905931564529596 0.0008689214094072465 
22 0.0028592411939092725 0.0006419113693334795 0.0007767448668591083 
23 0.0037773593461243606 0.000940123949290666 0.0006115399664108714 
24 0.005038873802532573 0.0013620907798120557 0.0004155404746347271 
25 0.006563323504410834 0.0017257535912775326 0.00026525623754859897 
26 0.007688341521913829 0.0019844918548311053 0.00014957965020513962 
27 0.009731477691631912 0.002087488059700305 6.407595988283343e-05 
28 0.012800492360069202 0.001986079902042745 1.8567936628401926e-05 
29 0.015698527278719957 0.001866749497282395 3.315702969357487e-06 
30 0.017161194381935856 0.0017212163135299904 9.532646036902775e-07 
31 0.019408356807701737 0.0015186268621022484 8.289257423393718e-08 
32 0.022021904411581618 0.0013074165829541765 0.0 
33 0.024549243738258206 0.0009780102184826403 0.0 
34 0.0268438207164859 0.000636806931867495 0.0 
35 0.02971024593349545 0.00035526884763252477 0.0 
36 0.03170453074613166 0.00016141365586880039 0.0 
37 0.031935856289960506 5.251898992779661e-05 0.0 
38 0.0328697792929962 1.1456626312543105e-05 0.0 
39 0.03279362864813329 1.0208874931969105e-06 0.0 
40 0.03204792705032479 1.134319436885456e-07 0.0 
41 0.03300196531804125 0.0 0.0 
42 0.03284966402831543 0.0 0.0 
43 0.032274942180293455 0.0 0.0 
44 0.032762018946492076 0.0 0.0 
45 0.03273184604947092 0.0 0.0 
46 0.032763455751112135 0.0 0.0 
47 0.03236115045749676 0.0 0.0 
48 0.0330321382150624 0.0 0.0 
49 0.032698799543209665 0.0 0.0 
50 0.03278213421117285 0.0 0.0 
51 0.03292294106393823 0.0 0.0 
52 0.03284391680983521 0.0 0.0 
53 0.03235109282515638 0.0 0.0 
54 0.03295024035171927 0.0 0.0 
55 0.0327260988309907 0.0 0.0 
56 0.032369771285217085 0.0 0.0 
57 0.03268730510624922 0.0 0.0 
58 0.03284391680983521 0.0 0.0 
59 0.032445921930079995 0.0 0.0 
60 0.03312265690612586 0.0 0.0 
61 0.03268155788776901 0.0 0.0 
62 0.03274765090029153 0.0 0.0 
63 0.03280368628047367 0.0 0.0 
64 0.0326944891293495 0.0 0.0 
65 0.03271316758941021 0.0 0.0 
66 0.03293156189165856 0.0 0.0 
67 0.03241143861919868 0.0 0.0 
68 0.03282954876363466 0.0 0.0 
69 0.032464600390140715 0.0 0.0 
70 0.03288989455767696 0.0 0.0 
71 0.0325637399089245 0.0 0.0 
72 0.032842480005215155 0.0 0.0 
73 0.03263845374916736 0.0 0.0 
74 0.03262552250758686 0.0 0.0 
75 0.03280512308509373 0.0 0.0 
76 0.03256661351816461 0.0 0.0 
77 0.032668626646188505 0.0 0.0 
78 0.03287552651147642 0.0 0.0 
79 0.032848227223695375 0.0 0.0 
80 0.03241574903305884 0.0 0.0 
81 0.0330163333642418 0.0 0.0 
82 0.03296029798405966 0.0 0.0 
83 0.03250914133336241 0.0 0.0 
84 0.03262408570296681 0.0 0.0 
85 0.03282667515439455 0.0 0.0 
86 0.032980413248740424 0.0 0.0 
87 0.032138445741388244 0.0 0.0 
88 0.032823801545154435 0.0 0.0 
89 0.03340714422089673 0.0 0.0 
90 0.03174045086163304 0.0 0.0 
91 0.0316269432966487 0.0 0.0 
92 0.031193028301392117 0.0 0.0 
93 0.02423889394032635 0.0 0.0 
94 0.006228548027938039 0.0 0.0 
95 0.00039799487975521034 0.0 0.0 
96 0.0 0.0 0.0 
