0 0.0 0.0 0.0 
1 0.0 0.0 0.0 
2 0.0 0.0 9.520212150767683e-05 
3 0.0 0.0 0.0004961120567901139 
4 0.0 0.0 0.0007952713572003931 
5 0.0 0.0 0.0009637090680437535 
6 0.0 0.0 0.0010458141628224681 
7 0.0 0.0 0.001092482682116175 
8 0.0 0.0 0.0011287896296306393 
9 0.0 0.0 0.001152082442990376 
10 1.4368046200549108e-06 0.0 0.0011402702511620398 
11 4.8851357081866975e-05 3.1760944232792767e-06 0.0011474819051203922 
12 0.000145117266625546 1.7922247102790204e-05 0.001130240249679733 
13 0.00027011926857032324 4.945632744820588e-05 0.0011083980563690908 
14 0.00043678860449669296 9.55096965857554e-05 0.001088379499691595 
15 0.0006681141483255336 0.00014133620183592782 0.001057833586086389 
16 0.0008678299905131661 0.00017978963074634477 0.001034043417281249 
17 0.0011695589607246975 0.00022414152072856608 0.001018542505899503 
18 0.0012370887778672785 0.00029265441471644765 0.0009878722534329462 
19 0.001373585216772495 0.00037080902391785554 0.0009618439851234898 
20 0.0015733010589601274 0.00044646813035811546 0.0009076322415744949 
21 0.0017529016364669912 0.000532449543674033 0.0008717812032183172 
22 0.0022715881043068142 0.0006926154481622594 0.0007787757349278397 
23 0.003576206699316673 0.0010088637071659246 0.0006153115785385156 
24 0.005103530010435042 0.0013473446271325446 0.00042225477314767603 
25 0.006741487277297642 0.0016326259655092368 0.00026098726997555115 
26 0.008523125006165732 0.0018858060638220707 0.00014779745985911 
27 0.010662527085427493 0.0020085394268930766 6.826203488164727e-05 
28 0.012819170820129915 0.0019451309703711799 2.5365127715584777e-05 
29 0.015099379752157058 0.0019243729246761763 8.247811136276748e-06 
30 0.01681779807774273 0.0017617115174268017 1.0776034650411832e-06 
31 0.01929053882885724 0.0015221432523565936 2.0723143558484293e-07 
32 0.022105239079544807 0.0012901749275135176 0.0 
33 0.024605279118440352 0.0009650789769021458 0.0 
34 0.027187217020679028 0.000620359300032656 0.0 
35 0.02969156747343473 0.0003593523976053125 0.0 
36 0.031335271958777555 0.00015653608229019292 0.0 
37 0.03202781178564402 5.5241356576321714e-05 0.0 
38 0.03283098556825472 1.8149110990167295e-05 0.0 
39 0.032825238349774494 4.196981916476187e-06 0.0 
40 0.032362587262116806 1.134319436885456e-07 0.0 
41 0.03299334449032092 0.0 0.0 
42 0.032764892555732186 0.0 0.0 
43 0.03240712820533851 0.0 0.0 
44 0.032750524509531635 0.0 0.0 
45 0.032751961314151694 0.0 0.0 
46 0.032470347608620935 0.0 0.0 
47 0.03317007145858767 0.0 0.0 
48 0.03250339411488219 0.0 0.0 
49 0.03249477328716186 0.0 0.0 
50 0.03294592993785911 0.0 0.0 
51 0.032927251477798396 0.0 0.0 
52 0.03256948712740473 0.0 0.0 
53 0.03286403207451598 0.0 0.0 
54 0.032530693402663236 0.0 0.0 
55 0.03272466202637066 0.0 0.0 
56 0.03247034760862093 0.0 0.0 
57 0.032845353614455265 0.0 0.0 
58 0.032843916809835214 0.0 0.0 
59 0.03258385517360527 0.0 0.0 
60 0.03274908770491159 0.0 0.0 
61 0.032841043200595096 0.0 0.0 
62 0.0326944891293495 0.0 0.0 
63 0.032767766164972296 0.0 0.0 
64 0.032688741910869276 0.0 0.0 
65 0.0326082808521462 0.0 0.0 
66 0.03266000581846818 0.0 0.0 
67 0.03298616046722065 0.0 0.0 
68 0.03265713220922808 0.0 0.0 
69 0.032710293980170106 0.0 0.0 
70 0.032524946184183015 0.0 0.0 
71 0.0325924760013256 0.0 0.0 
72 0.03263414333530719 0.0 0.0 
73 0.032639890553787416 0.0 0.0 
74 0.032519198965702795 0.0 0.0 
75 0.03265138499074785 0.0 0.0 
76 0.03317294506782779 0.0 0.0 
77 0.03265425859998796 0.0 0.0 
78 0.032382702526797584 0.0 0.0 
79 0.03303932223816267 0.0 0.0 
80 0.03248758926406159 0.0 0.0 
81 0.03274334048643136 0.0 0.0 
82 0.03264420096764758 0.0 0.0 
83 0.03283242237287477 0.0 0.0 
84 0.03241862264229896 0.0 0.0 
85 0.032905699408497566 0.0 0.0 
86 0.03264420096764758 0.0 0.0 
87 0.032672937060048673 0.0 0.0 
88 0.03253644062114346 0.0 0.0 
89 0.0327965022573734 0.0 0.0 
90 0.032149940178348685 0.0 0.0 
91 0.03164849536594952 0.0 0.0 
92 0.03097463399914377 0.0 0.0 
93 0.023873945566832405 0.0 0.0 
94 0.00613802933687458 0.0 0.0 
95 0.0003764428104543867 0.0 0.0 
96 0.0 0.0 0.0 
