0 0.0 0.0 0.0 
1 0.0 0.0 0.0 
2 2.4425678540933487e-05 0.0 9.810336160586466e-05 
3 4.741455246181206e-05 0.0 0.0004998422226306413 
4 3.7356920121427685e-05 0.0 0.0008049283420986469 
5 1.580485082060402e-05 0.0 0.000931546749240986 
6 2.8736092401098216e-06 0.0 0.0010363644093597994 
7 5.747218480219643e-06 0.0 0.001075282472962633 
8 2.8736092401098216e-06 0.0 0.001129618555372979 
9 1.4368046200549108e-06 1.134319436885456e-07 0.0011393584328454665 
10 1.580485082060402e-05 4.764141634918915e-06 0.0011430471523988766 
11 2.58624831609884e-05 1.1229762425166014e-05 0.0011354210355693543 
12 5.028816170192189e-05 2.9719169246398944e-05 0.0011251423563643462 
13 0.00020833666990796205 4.582650525017242e-05 0.0011166044212182508 
14 0.0004798927430983402 7.645313004607973e-05 0.0010877163590977236 
15 0.0006307572282041059 0.00012216620335256362 0.0010615637519269163 
16 0.0007945529548903657 0.00018364631683175529 0.0010273291187683003 
17 0.0011968582485057406 0.0002468279094662752 0.0010183767207510351 
18 0.0014526094708755153 0.00030388417714161364 0.0009701746888340007 
19 0.0013290442735507926 0.0003692209767062159 0.0009624656794302444 
20 0.0014612302985958447 0.0004684739274336933 0.0009007521579130782 
21 0.0020919875267999505 0.0005299540409128851 0.0008598032262415131 
22 0.00274717043354499 0.0006871707148652092 0.0007735949490382186 
23 0.0036825302412007367 0.000955323829744931 0.0006236422822490264 
24 0.004979964813110321 0.0013323716105656566 0.00043850171769752754 
25 0.006837753186841321 0.0016176529489423492 0.00027752433853522163 
26 0.008633758961909961 0.001828749796146732 0.0001745303150495547 
27 0.010350740482875577 0.0019287967704800294 8.662274007446433e-05 
28 0.012409681503414266 0.0019138237539131414 3.5478021772125106e-05 
29 0.014171203967601586 0.0019478533370197052 1.2392439847973605e-05 
30 0.01646290733658917 0.0018421347655019804 5.222232176738041e-06 
31 0.018526158770988024 0.0016023396365443955 1.0776034650411832e-06 
32 0.02170580739516954 0.0013002703705017984 4.144628711696859e-08 
33 0.024369643160751346 0.0009435269076013222 0.0 
34 0.027823721467363352 0.0005808849836290421 0.0 
35 0.030366865644860543 0.0003472151796306381 0.0 
36 0.030822332709417952 0.00018523436404339498 0.0 
37 0.03188844173749869 9.539626464206687e-05 0.0 
38 0.03264276416302752 3.4937038656072044e-05 0.0 
39 0.03286115846527586 1.29312415804942e-05 0.0 
40 0.03256230310430444 2.6089347048365486e-06 0.0 
41 0.03288702094843685 5.67159718442728e-07 0.0 
42 0.03257954475974511 0.0 0.0 
43 0.03281949113129427 0.0 0.0 
44 0.03257810795512505 0.0 0.0 
45 0.03274621409567147 0.0 0.0 
46 0.0327232252217506 0.0 0.0 
47 0.032833859177494824 0.0 0.0 
48 0.032763455751112135 0.0 0.0 
49 0.03277063977421241 0.0 0.0 
50 0.032825238349774494 0.0 0.0 
51 0.032753398118771745 0.0 0.0 
52 0.032826675154394545 0.0 0.0 
53 0.032305115077314615 0.0 0.0 
54 0.033035011824302504 0.0 0.0 
55 0.03292868828241844 0.0 0.0 
56 0.032601096829045925 0.0 0.0 
57 0.03293443550089867 0.0 0.0 
58 0.032753398118771745 0.0 0.0 
59 0.03286259526989593 0.0 0.0 
60 0.032763455751112135 0.0 0.0 
61 0.03262695931220692 0.0 0.0 
62 0.03280943349895389 0.0 0.0 
63 0.032687305106249225 0.0 0.0 
64 0.03271604119865032 0.0 0.0 
65 0.03261402807062643 0.0 0.0 
66 0.03278213421117285 0.0 0.0 
67 0.03281661752205416 0.0 0.0 
68 0.032688741910869276 0.0 0.0 
69 0.03263270653068714 0.0 0.0 
70 0.03281805432667422 0.0 0.0 
71 0.032622648898346755 0.0 0.0 
72 0.032848227223695375 0.0 0.0 
73 0.03287265290223631 0.0 0.0 
74 0.03294449313323905 0.0 0.0 
75 0.03233528797433577 0.0 0.0 
76 0.0327835710157929 0.0 0.0 
77 0.03288414733919674 0.0 0.0 
78 0.032411438619198686 0.0 0.0 
79 0.033003402122661306 0.0 0.0 
80 0.03264276416302753 0.0 0.0 
81 0.03294018271937889 0.0 0.0 
82 0.032619775289106645 0.0 0.0 
83 0.0324171858376789 0.0 0.0 
84 0.032678684278528894 0.0 0.0 
85 0.03278213421117285 0.0 0.0 
86 0.032397070572998135 0.0 0.0 
87 0.03248040524096131 0.0 0.0 
88 0.03287696331609647 0.0 0.0 
89 0.032989034076460755 0.0 0.0 
90 0.031700220332271496 0.0 0.0 
91 0.031849648012757206 0.0 0.0 
92 0.0313913073389597 0.0 0.0 
93 0.023822220600510424 0.0 0.0 
94 0.00613228211839436 0.0 0.0 
95 0.00042242055829614386 0.0 0.0 
96 0.0 0.0 0.0 
