0 0.0 0.0 0.0 
1 0.0 0.0 0.0 
2 0.0 0.0 9.561658437884653e-05 
3 0.0 0.0 0.0004971896602551551 
4 0.0 0.0 0.0008288428497651378 
5 0.0 0.0 0.0009693457630916612 
6 0.0 0.0 0.0010608591650459278 
7 0.0 0.0 0.001099321319490475 
8 0.0 0.0 0.001121287851662468 
9 0.0 5.67159718442728e-07 0.0011469016571007548 
10 1.0057632340384377e-05 3.970118029099096e-06 0.0011364571927472786 
11 3.735692012142768e-05 1.3044673524182743e-05 0.0011482693845756146 
12 0.00012787561118488705 3.7772837248285685e-05 0.0011200030167618422 
13 0.000306039384071696 5.013691911033715e-05 0.0011092684283985472 
14 0.0005000080077791091 7.622626615870263e-05 0.0010968759885505736 
15 0.0007212759192675653 0.0001312407588476473 0.0010624755702434896 
16 0.0006781717806659177 0.00016345543085519417 0.0010519067670286628 
17 0.000645125274404655 0.00023128773318094447 0.0010159728360982507 
18 0.0009885215785977786 0.0002927678466601362 0.0009958299405594042 
19 0.0011738693745848624 0.00035855837399949265 0.0009554612569074766 
20 0.0018606619829711097 0.0004124385472515518 0.0009114867462763731 
21 0.00233480750758923 0.0005001214397227974 0.0008723200049508378 
22 0.0029526334942128417 0.0006534814275897112 0.0007666319728025678 
23 0.004070467488615562 0.0009536223505896028 0.0006136537270538369 
24 0.005218474380039435 0.0013453028521461508 0.00039912774493640747 
25 0.006751544909638026 0.0017250729996154015 0.00024996255760243753 
26 0.008122256517170412 0.0019532980703167555 0.00013387150738780856 
27 0.01030188912579371 0.00208862237913719 6.038724032942323e-05 
28 0.01267405355350437 0.001984264990943728 2.4080292814958752e-05 
29 0.014855122966747725 0.0018864866554842016 6.672852225831941e-06 
30 0.016684175248077627 0.0017770248298247552 1.6992977717957121e-06 
31 0.019576462948248163 0.0015460773924748767 2.901240098187801e-07 
32 0.02173598029219069 0.0013129747481949155 0.0 
33 0.02426044600962717 0.000942846315939191 0.0 
34 0.027678604200737804 0.0005918878821668309 0.0 
35 0.030388417714161363 0.0003172691464968621 0.0 
36 0.03116141859975091 0.00013940785879322257 0.0 
37 0.0323597136528767 4.8548871898697525e-05 0.0 
38 0.032688741910869276 1.2023786030985834e-05 0.0 
39 0.03250914133336241 2.1552069300823664e-06 0.0 
40 0.03273615646333109 1.134319436885456e-07 0.0 
41 0.032687305106249225 0.0 0.0 
42 0.032747650900291525 0.0 0.0 
43 0.03295024035171927 0.0 0.0 
44 0.032830985568254714 0.0 0.0 
45 0.03251632535646269 0.0 0.0 
46 0.03273759326795114 0.0 0.0 
47 0.0329588611794396 0.0 0.0 
48 0.032779260601932744 0.0 0.0 
49 0.03262695931220692 0.0 0.0 
50 0.0324746580224811 0.0 0.0 
51 0.03299909170880114 0.0 0.0 
52 0.03273328285409098 0.0 0.0 
53 0.032615464875246476 0.0 0.0 
54 0.03287121609761625 0.0 0.0 
55 0.03262264889834675 0.0 0.0 
56 0.03275914533725197 0.0 0.0 
57 0.03286690568375608 0.0 0.0 
58 0.032605407242906094 0.0 0.0 
59 0.03293299869627861 0.0 0.0 
60 0.032448795539320105 0.0 0.0 
61 0.033056563893603334 0.0 0.0 
62 0.03238988654989785 0.0 0.0 
63 0.0325479350581039 0.0 0.0 
64 0.03290426260387752 0.0 0.0 
65 0.03293443550089867 0.0 0.0 
66 0.03258529197822533 0.0 0.0 
67 0.032606844047526146 0.0 0.0 
68 0.032619775289106645 0.0 0.0 
69 0.03258385517360527 0.0 0.0 
70 0.032634143335307196 0.0 0.0 
71 0.03260971765676626 0.0 0.0 
72 0.032915757040837955 0.0 0.0 
73 0.03288271053457669 0.0 0.0 
74 0.032750524509531635 0.0 0.0 
75 0.03255080866734401 0.0 0.0 
76 0.03289420497153713 0.0 0.0 
77 0.0324588531716605 0.0 0.0 
78 0.03274765090029153 0.0 0.0 
79 0.032780697406552796 0.0 0.0 
80 0.032458853171660494 0.0 0.0 
81 0.032463163585520656 0.0 0.0 
82 0.03288702094843685 0.0 0.0 
83 0.03291144662697779 0.0 0.0 
84 0.032394196963758025 0.0 0.0 
85 0.03284679041907532 0.0 0.0 
86 0.03285253763755554 0.0 0.0 
87 0.03246603719476077 0.0 0.0 
88 0.03264563777226763 0.0 0.0 
89 0.033078115962904164 0.0 0.0 
90 0.03209246799354649 0.0 0.0 
91 0.031323777521817114 0.0 0.0 
92 0.030879804894220143 0.0 0.0 
93 0.023129680773643954 0.0 0.0 
94 0.005935439885446837 0.0 0.0 
95 0.00035776435039367284 0.0 0.0 
96 0.0 0.0 0.0 
