0 0.0 0.0 0.0 
1 0.0 0.0 0.0 
2 0.0 0.0 9.254955913219084e-05 
3 0.0 0.0 0.0004898122211483347 
4 0.0 0.0 0.0007918313153696849 
5 0.0 0.0 0.0008975607938050717 
6 1.4368046200549108e-06 0.0 0.000947171999484083 
7 2.8736092401098216e-06 9.074555495083648e-07 0.001014439323474923 
8 1.8678460060713842e-05 8.734259664018011e-06 0.0011026784687469492 
9 7.184023100274554e-05 1.8149110990167295e-05 0.001125598265522633 
10 0.00018103738212691878 3.3235559500743854e-05 0.0011157340491887943 
11 0.00044109901835685773 7.19158522985379e-05 0.0010839447469700794 
12 0.0006954134361065769 0.00012171247557780942 0.0010604447021747582 
13 0.001114960385162611 0.0001669718211095391 0.0010412136249524845 
14 0.0012155367085664546 0.0002104162555422521 0.001023930523224709 
15 0.0012816297210889807 0.0002199445388120899 0.0010148952326332098 
16 0.0015776114728202923 0.00025023086777693163 0.0010031244870919906 
17 0.0015776114728202923 0.0002625949496389831 0.0009880380385814142 
18 0.0017802009242480347 0.0003196512173143215 0.000953803405422798 
19 0.0019454334555543496 0.0003915670696128593 0.0009271534428065874 
20 0.0021394020792617624 0.00048106487318312185 0.0008999232321707389 
21 0.0027313655827243847 0.0005238287159537036 0.0008492344230266863 
22 0.0033218922815669537 0.0006358994763179867 0.0007775737926014475 
23 0.004137997305758143 0.000813533900134249 0.000672714686195517 
24 0.005586296362773494 0.0010474305680200301 0.0005423661132126509 
25 0.006832005968361101 0.0012510409069409695 0.00042511456695874675 
26 0.00823289047291464 0.0014710988776967479 0.0003088991778827669 
27 0.010442695978559093 0.0016291095752548918 0.00019745011182523833 
28 0.012406807894174157 0.0016536108750916177 0.00011157340491887943 
29 0.014350804545108448 0.001690476256790395 5.95168682999669e-05 
30 0.01619997209111912 0.0016656346611226035 2.3790168805139972e-05 
31 0.01761953505573337 0.0016133425350821839 8.372149997627655e-06 
32 0.01981353571055722 0.0014850510067704388 1.492066336210869e-06 
33 0.021975926663739865 0.001269076585987448 1.2433886135090575e-07 
34 0.024616773555400786 0.0009126734189180379 0.0 
35 0.027822284662743293 0.000603117644591997 0.0 
36 0.029730361198176215 0.0003651374267334282 0.0 
37 0.030879804894220143 0.0002034969069772508 0.0 
38 0.03187694730053826 9.970667850223157e-05 0.0 
39 0.03262983292144703 4.060863584049932e-05 0.0 
40 0.03285828485603576 1.7014791553281837e-05 0.0 
41 0.032614028070626425 3.4029583106563684e-06 0.0 
42 0.03258385517360527 6.805916621312736e-07 0.0 
43 0.03295886117943961 0.0 0.0 
44 0.03296460839791982 0.0 0.0 
45 0.03254937186272395 0.0 0.0 
46 0.03312984092922614 0.0 0.0 
47 0.03294449313323905 0.0 0.0 
48 0.03265138499074785 0.0 0.0 
49 0.0325191989657028 0.0 0.0 
50 0.03318443950478823 0.0 0.0 
51 0.03263558013992725 0.0 0.0 
52 0.03277926060193274 0.0 0.0 
53 0.03278213421117285 0.0 0.0 
54 0.03287840012071652 0.0 0.0 
55 0.03264851138150774 0.0 0.0 
56 0.03257667115050499 0.0 0.0 
57 0.03300771253652147 0.0 0.0 
58 0.03271173078479016 0.0 0.0 
59 0.03287121609761625 0.0 0.0 
60 0.033070931939803885 0.0 0.0 
61 0.03257810795512505 0.0 0.0 
62 0.032767766164972296 0.0 0.0 
63 0.03287983692533658 0.0 0.0 
64 0.032901388994637404 0.0 0.0 
65 0.03264707457688768 0.0 0.0 
66 0.03278069740655279 0.0 0.0 
67 0.03262408570296681 0.0 0.0 
68 0.032764892555732186 0.0 0.0 
69 0.03285110083293548 0.0 0.0 
70 0.03263126972606708 0.0 0.0 
71 0.03259103919670554 0.0 0.0 
72 0.033132714538466244 0.0 0.0 
73 0.03262839611682697 0.0 0.0 
74 0.032713167589410216 0.0 0.0 
75 0.03310972566454537 0.0 0.0 
76 0.032789318234273127 0.0 0.0 
77 0.03274477729105142 0.0 0.0 
78 0.03275052450953164 0.0 0.0 
79 0.032615464875246476 0.0 0.0 
80 0.0325479350581039 0.0 0.0 
81 0.03293874591475884 0.0 0.0 
82 0.03280943349895389 0.0 0.0 
83 0.03279219184351324 0.0 0.0 
84 0.032598223219805815 0.0 0.0 
85 0.032822364740534384 0.0 0.0 
86 0.03312553051536597 0.0 0.0 
87 0.03230511507731462 0.0 0.0 
88 0.03287840012071653 0.0 0.0 
89 0.03310828885992531 0.0 0.0 
90 0.03253931423038356 0.0 0.0 
91 0.03143297467294129 0.0 0.0 
92 0.03212982491366792 0.0 0.0 
93 0.025382590417890056 0.0 0.0 
94 0.006528840193529516 0.0 0.0 
95 0.0004367886044966929 0.0 0.0 
96 0.0 0.0 0.0 
