0 0.0 0.0 0.0 
1 0.0 0.0 0.0 
2 0.0 0.0 9.263245170642479e-05 
3 0.0 0.0 0.00048384395580349117 
4 0.0 0.0 0.0008025659037329796 
5 0.0 0.0 0.0009378880311698821 
6 0.0 0.0 0.001042166889556175 
7 0.0 0.0 0.0010975391291444452 
8 0.0 0.0 0.001126717315274791 
9 0.0 3.402958310656368e-07 0.0011423011192307712 
10 1.4368046200549108e-06 2.268638873770912e-06 0.0011469845496749884 
11 4.310413860164733e-06 1.3725265186314017e-05 0.001137286118489618 
12 3.7356920121427685e-05 3.595792614926895e-05 0.0011315665308674761 
13 0.00018965820984724824 4.90025996734517e-05 0.0011198372316133741 
14 0.0005244336863200425 5.8757746830666625e-05 0.0010955497073628306 
15 0.0008807612320936605 7.010094119952118e-05 0.0010876749128106065 
16 0.0007155287007873457 0.00011740206171764468 0.0010543935442556807 
17 0.0006350676420642707 0.00019442235148216716 0.001046228625693638 
18 0.0005905266988425684 0.0002901589119552997 0.0010100460170405245 
19 0.0008304730703917384 0.000365477722564494 0.00096963588710148 
20 0.0012945609626694749 0.00043886819013098287 0.0009320855509735064 
21 0.0018664092014513294 0.00050851540355575 0.0008639893012403272 
22 0.002909529355611195 0.0006937497675991449 0.0007621557737939352 
23 0.004245757652262262 0.0009415985645586173 0.0005949200052769671 
24 0.005656699789156185 0.0013865920796487816 0.00039394695904678643 
25 0.006880857325442968 0.0016877538901418699 0.0002460666066134425 
26 0.00824151130063497 0.0020473331516345596 0.00014497911233515612 
27 0.009458484813821479 0.0020750105458945643 6.312269527914316e-05 
28 0.012855090935631287 0.0020143244560211927 1.8816614351103736e-05 
29 0.01532783168674579 0.001864253994521247 5.885372770609539e-06 
30 0.017449992110566893 0.001683216612394328 9.94710890807246e-07 
31 0.019662671225451456 0.0015450565049816795 2.486777227018115e-07 
32 0.021733106682950587 0.0013220493036899988 0.0 
33 0.02434665428683046 0.0009536223505896028 0.0 
34 0.027207332285359792 0.0006039116681978168 0.0 
35 0.030307956655438287 0.00032883920475309364 0.0 
36 0.030968886780663552 0.00016266140724937442 0.0 
37 0.032284999812633844 6.726514260730754e-05 0.0 
38 0.03254075103500362 2.3026684568774754e-05 0.0 
39 0.03250483091950225 6.011893015492916e-06 0.0 
40 0.03274621409567147 7.940236058198192e-07 0.0 
41 0.032612591266006366 0.0 0.0 
42 0.032680121083148946 0.0 0.0 
43 0.03288989455767696 0.0 0.0 
44 0.03264707457688768 0.0 0.0 
45 0.03271029398017009 0.0 0.0 
46 0.03255942949506434 0.0 0.0 
47 0.0332232332295297 0.0 0.0 
48 0.03259103919670554 0.0 0.0 
49 0.032537877425763514 0.0 0.0 
50 0.032859721660655816 0.0 0.0 
51 0.03260971765676626 0.0 0.0 
52 0.03293299869627861 0.0 0.0 
53 0.032264884547953086 0.0 0.0 
54 0.032978976444120366 0.0 0.0 
55 0.03278213421117285 0.0 0.0 
56 0.032379828917557474 0.0 0.0 
57 0.033152829803147016 0.0 0.0 
58 0.032743340486431356 0.0 0.0 
59 0.032529256598043184 0.0 0.0 
60 0.03289707858077724 0.0 0.0 
61 0.032632706530687144 0.0 0.0 
62 0.03288989455767697 0.0 0.0 
63 0.03279075503889318 0.0 0.0 
64 0.03280224947585362 0.0 0.0 
65 0.03267724747390884 0.0 0.0 
66 0.03269161552010939 0.0 0.0 
67 0.032533567011903346 0.0 0.0 
68 0.0330163333642418 0.0 0.0 
69 0.03288845775305691 0.0 0.0 
70 0.03266718984156845 0.0 0.0 
71 0.03246747399938082 0.0 0.0 
72 0.03273759326795114 0.0 0.0 
73 0.03255224547196406 0.0 0.0 
74 0.03272753563561076 0.0 0.0 
75 0.03258672878284538 0.0 0.0 
76 0.03277351338345251 0.0 0.0 
77 0.0327677661649723 0.0 0.0 
78 0.032532130207283294 0.0 0.0 
79 0.032759145337251966 0.0 0.0 
80 0.03266000581846818 0.0 0.0 
81 0.03274621409567147 0.0 0.0 
82 0.03286403207451598 0.0 0.0 
83 0.032830985568254714 0.0 0.0 
84 0.03228356300801379 0.0 0.0 
85 0.03294018271937889 0.0 0.0 
86 0.032856848051415706 0.0 0.0 
87 0.03266718984156846 0.0 0.0 
88 0.03296173478867972 0.0 0.0 
89 0.03270742037092999 0.0 0.0 
90 0.03221172277701105 0.0 0.0 
91 0.031500504490083875 0.0 0.0 
92 0.031103946414948715 0.0 0.0 
93 0.023533422871879386 0.0 0.0 
94 0.005836300366663049 0.0 0.0 
95 0.00037069559197416705 0.0 0.0 
96 0.0 0.0 0.0 
