0 0.0 0.0 0.0 
1 0.0 0.0 0.0 
2 0.0 0.0 9.491199749785806e-05 
3 0.0 0.0 0.0004919674280784171 
4 0.0 0.0 0.0007963075143783174 
5 0.0 0.0 0.0009432760484950881 
6 0.0 0.0 0.0010134446125841159 
7 2.8736092401098216e-06 0.0 0.001067449124697526 
8 1.4368046200549108e-06 0.0 0.0011052895848353182 
9 1.580485082060402e-05 0.0 0.0011343019858171962 
10 4.310413860164733e-05 3.402958310656368e-07 0.0011419281026467186 
11 0.00011350756498433798 6.125324959181463e-06 0.0011306547125509029 
12 0.00017672696826675404 1.962372625811839e-05 0.001118759628148333 
13 0.00027442968243048796 4.1289227502630596e-05 0.001096502971966521 
14 0.00043822540911674784 7.48650828344401e-05 0.0010940576410266199 
15 0.000760069644009048 0.0001184229492108416 0.0010625584628177237 
16 0.0010344993264395357 0.0001537002836979793 0.0010321368880738687 
17 0.0011250180175029953 0.00023196832484307574 0.001007890810110442 
18 0.001306055399629914 0.0003206721048075184 0.0009752725821493878 
19 0.001433931010814801 0.000374438846115889 0.0009490785286914636 
20 0.0015560594035194685 0.00045406807058524806 0.0009018297613781196 
21 0.002113539596100774 0.0005914341543920768 0.000844219422285533 
22 0.002807516227587296 0.0007334509478901358 0.0007625287903779882 
23 0.003908108566549357 0.0009679147754943594 0.0006182957112109373 
24 0.005183991069158118 0.0012737272956786785 0.0004567380840289938 
25 0.0070532738798495575 0.0015731876270164387 0.0003019776479342331 
26 0.00880330190707644 0.0017488937077899957 0.00019856916157739646 
27 0.010398155035337388 0.0018355557127680449 0.00011725154625390415 
28 0.012475774515936794 0.0019115551150393703 5.910240542879721e-05 
29 0.014373793419029328 0.001834988553049602 2.4411863111894497e-05 
30 0.01604192358291308 0.0017763442381626238 8.413596284744624e-06 
31 0.018406903987523465 0.00163160507801604 2.5282235141350837e-06 
32 0.02143999854045938 0.001331804450847214 4.1446287116968585e-07 
33 0.023961590648655745 0.0010254247709444522 0.0 
34 0.026579448666395798 0.0006996482286709493 0.0 
35 0.029317998272220452 0.00043206227350967014 0.0 
36 0.03075911330613553 0.00022334749712274622 0.0 
37 0.03168154187221078 9.947981461485448e-05 0.0 
38 0.0326657530369484 4.3898162207467156e-05 0.0 
39 0.032974666030260204 1.7468519328036022e-05 0.0 
40 0.03251201494260253 4.5372777475418245e-06 0.0 
41 0.03251057813798247 2.268638873770912e-07 0.0 
42 0.033208865183329155 0.0 0.0 
43 0.03247034760862093 0.0 0.0 
44 0.032924377868558286 0.0 0.0 
45 0.03289276816691708 0.0 0.0 
46 0.03265856901384812 0.0 0.0 
47 0.033221796424909654 0.0 0.0 
48 0.032608280852146204 0.0 0.0 
49 0.032601096829045925 0.0 0.0 
50 0.03265569540460802 0.0 0.0 
51 0.032540751035003625 0.0 0.0 
52 0.03281949113129427 0.0 0.0 
53 0.032622648898346755 0.0 0.0 
54 0.03288845775305691 0.0 0.0 
55 0.03226775815719319 0.0 0.0 
56 0.03281374391281405 0.0 0.0 
57 0.03259103919670555 0.0 0.0 
58 0.03263845374916736 0.0 0.0 
59 0.03294736674247916 0.0 0.0 
60 0.03266144262308823 0.0 0.0 
61 0.032522072574942905 0.0 0.0 
62 0.033277831805091786 0.0 0.0 
63 0.03291000982235774 0.0 0.0 
64 0.032310862295794836 0.0 0.0 
65 0.032611154461386314 0.0 0.0 
66 0.033152829803147016 0.0 0.0 
67 0.032601096829045925 0.0 0.0 
68 0.03265856901384812 0.0 0.0 
69 0.03276345575111213 0.0 0.0 
70 0.03264851138150775 0.0 0.0 
71 0.03278931823427312 0.0 0.0 
72 0.03244161151621983 0.0 0.0 
73 0.03262839611682697 0.0 0.0 
74 0.03292581467317834 0.0 0.0 
75 0.03257954475974511 0.0 0.0 
76 0.03294736674247917 0.0 0.0 
77 0.03296748200715993 0.0 0.0 
78 0.03249621009178192 0.0 0.0 
79 0.03282380154515444 0.0 0.0 
80 0.03288702094843685 0.0 0.0 
81 0.03281949113129427 0.0 0.0 
82 0.032901388994637404 0.0 0.0 
83 0.0329588611794396 0.0 0.0 
84 0.03295024035171927 0.0 0.0 
85 0.03259678641518576 0.0 0.0 
86 0.03285253763755553 0.0 0.0 
87 0.03242293305615912 0.0 0.0 
88 0.0331341513430863 0.0 0.0 
89 0.03301202295038163 0.0 0.0 
90 0.032320919928135225 0.0 0.0 
91 0.03137262887889898 0.0 0.0 
92 0.03149475727160365 0.0 0.0 
93 0.02441418410397305 0.0 0.0 
94 0.006201248740156996 0.0 0.0 
95 0.000372132396594222 0.0 0.0 
96 0.0 0.0 0.0 
