0 0.0 0.0 0.0 
1 0.0 0.0 0.0 
2 0.0 0.0 9.163774081561754e-05 
3 4.310413860164733e-06 0.0 0.0004891905268415802 
4 4.310413860164733e-06 0.0 0.0007966390846752533 
5 0.0 0.0 0.000931339517805401 
6 0.0 0.0 0.0010018396521913645 
7 2.8736092401098216e-06 0.0 0.001056673090047114 
8 7.184023100274554e-06 3.402958310656368e-07 0.0011109677261703429 
9 3.7356920121427685e-05 1.1343194368854561e-06 0.0011337217377975586 
10 0.0001063235418840634 1.111633048147747e-05 0.0011283337204723528 
11 0.0002801769009107076 3.08534886832844e-05 0.001118676735574099 
12 0.00043535179987663807 5.39936051957477e-05 0.0010900787974633909 
13 0.000563227411061525 8.030981613149028e-05 0.0010924412358290579 
14 0.0008046105872307499 0.0001234139547331376 0.0010519896596028967 
15 0.0009253021753153626 0.00018875075429773986 0.001038436723715648 
16 0.001198295053125796 0.00023854737757701138 0.000995912833133638 
17 0.0016681301638837517 0.0002715560731903782 0.0009885353940268177 
18 0.0016508885084430926 0.00031897062565219023 0.0009596887781934077 
19 0.0018017529935488586 0.00035470168791408205 0.0009435247262177898 
20 0.0017054870840051794 0.0004336503207213098 0.0009180767059279711 
21 0.002238541598045551 0.0005536613171437912 0.0008463746292156155 
22 0.002916713378711469 0.0006931826078807021 0.0007754600319584821 
23 0.004342023561805941 0.0008804587469104909 0.0006528204683793722 
24 0.005392327739066081 0.0011464566548601304 0.0004984330488686642 
25 0.006742924081917696 0.0014028128475962437 0.0003568110857899825 
26 0.008625138134189629 0.0016418139529480091 0.00023500044795321184 
27 0.01062948057916623 0.0017730547117956563 0.00014091737619769317 
28 0.011988697749738176 0.0018560868945756712 7.050013438596356e-05 
29 0.014419771166871088 0.00180005151439353 2.7313103210082297e-05 
30 0.016115200618535882 0.0017592160146656538 7.709009403756157e-06 
31 0.018089370166491328 0.0016419273848916976 2.3624383656672093e-06 
32 0.020511822755903908 0.0014531766305939575 5.388017325205916e-07 
33 0.02279203168793105 0.0011616565353143957 1.2433886135090575e-07 
34 0.0254989715921145 0.0008228353195167098 0.0 
35 0.028567986260551792 0.0004810648731831219 0.0 
36 0.03081083827245751 0.0002196042429810243 0.0 
37 0.0323568400436366 0.0001007275659954285 0.0 
38 0.03265282179536791 3.913402057254823e-05 0.0 
39 0.032451669148560215 1.2931241580494198e-05 0.0 
40 0.03283673278673493 4.083549972787642e-06 0.0 
41 0.03286403207451598 6.805916621312736e-07 0.0 
42 0.032757708532631914 1.134319436885456e-07 0.0 
43 0.032763455751112135 0.0 0.0 
44 0.03281661752205416 0.0 0.0 
45 0.032989034076460755 0.0 0.0 
46 0.032932998696278616 0.0 0.0 
47 0.03258241836898522 0.0 0.0 
48 0.03278788142965307 0.0 0.0 
49 0.033158577021627236 0.0 0.0 
50 0.03267006345080856 0.0 0.0 
51 0.032296494249594285 0.0 0.0 
52 0.03276201894649208 0.0 0.0 
53 0.03292437786855828 0.0 0.0 
54 0.03293730911013878 0.0 0.0 
55 0.0325479350581039 0.0 0.0 
56 0.032756271728011856 0.0 0.0 
57 0.0326944891293495 0.0 0.0 
58 0.033003402122661306 0.0 0.0 
59 0.03229362064035418 0.0 0.0 
60 0.03300627573190141 0.0 0.0 
61 0.03282667515439455 0.0 0.0 
62 0.03278213421117284 0.0 0.0 
63 0.03263558013992725 0.0 0.0 
64 0.03251057813798247 0.0 0.0 
65 0.0329559875701995 0.0 0.0 
66 0.03264851138150774 0.0 0.0 
67 0.03272035161251049 0.0 0.0 
68 0.03234534560667615 0.0 0.0 
69 0.0330321382150624 0.0 0.0 
70 0.03228068939877368 0.0 0.0 
71 0.032986160467220645 0.0 0.0 
72 0.03319018672326844 0.0 0.0 
73 0.032458853171660494 0.0 0.0 
74 0.03280224947585362 0.0 0.0 
75 0.03250770452874236 0.0 0.0 
76 0.0328697792929962 0.0 0.0 
77 0.03289276816691708 0.0 0.0 
78 0.03288414733919675 0.0 0.0 
79 0.032440174711599774 0.0 0.0 
80 0.03273759326795114 0.0 0.0 
81 0.03287121609761626 0.0 0.0 
82 0.03286977929299619 0.0 0.0 
83 0.032614028070626425 0.0 0.0 
84 0.03289276816691708 0.0 0.0 
85 0.03269592593396955 0.0 0.0 
86 0.03278500782041296 0.0 0.0 
87 0.032629832921447034 0.0 0.0 
88 0.032698799543209665 0.0 0.0 
89 0.03286115846527586 0.0 0.0 
90 0.03245741636704044 0.0 0.0 
91 0.03157378152570666 0.0 0.0 
92 0.031490446857743486 0.0 0.0 
93 0.0247374651434854 0.0 0.0 
94 0.0062817097988800705 0.0 0.0 
95 0.0003635115688738925 0.0 0.0 
96 0.0 0.0 0.0 
