0 0.0 0.0 0.0 
1 0.0 0.0 0.0 
2 0.0 0.0 9.441464205245444e-05 
3 0.0 0.0 0.0005002152392146938 
4 0.0 0.0 0.0007996646636347919 
5 0.0 0.0 0.0009470891069098491 
6 0.0 0.0 0.0010352453596076411 
7 0.0 0.0 0.001087094664790969 
8 0.0 0.0 0.0011383637219546591 
9 1.4368046200549108e-06 1.3611833242625472e-06 0.0011461556239326493 
10 7.184023100274554e-06 5.8984610718043716e-06 0.0011432129375473447 
11 2.011526468076875e-05 2.0871477638692392e-05 0.0011379907053706065 
12 8.620827720329466e-05 4.1062363615253495e-05 0.0011322296714613477 
13 0.00023419915306895043 5.830401905591244e-05 0.0011048336756770316 
14 0.000484203156958505 7.134869258009518e-05 0.0010888768551369987 
15 0.0007184023100274555 0.00010265590903813376 0.0010650037937576246 
16 0.0008620827720329466 0.00016164051975617753 0.001056963214056933 
17 0.0007816217133098716 0.00020474465835782478 0.0010320125492125178 
18 0.0008865084505738799 0.00028142465229128165 0.0010027514705079378 
19 0.0012816297210889807 0.00034505997270055567 0.0009608492742326825 
20 0.0016465780945829282 0.00041811014443597904 0.0009251225747378558 
21 0.002046009778958193 0.000522240668742064 0.0008632018217851047 
22 0.0026322260639405964 0.0006937497675991447 0.000763896517852848 
23 0.0040618466608952335 0.0009739266685098525 0.0005961633938904761 
24 0.00598572804714876 0.001346210307695659 0.0004015730758763086 
25 0.007389486160942407 0.001637390107144156 0.0002565110709669186 
26 0.008494388913764634 0.0019042954706433035 0.00015339270861990074 
27 0.010277463447252779 0.0020209035087551284 8.185641705601294e-05 
28 0.012569166816240363 0.001992318658945615 2.7313103210082297e-05 
29 0.015001677037993327 0.0018524570723776382 8.828059155914309e-06 
30 0.017076422909352615 0.0017268879107144182 1.2019423263920891e-06 
31 0.019267549954936358 0.0015509549660534837 4.144628711696859e-08 
32 0.021612415094865972 0.0013387237994122152 0.0 
33 0.02416274329546344 0.0010388097402997006 0.0 
34 0.02684669432572601 0.0006657320775080742 0.0 
35 0.02924184762735755 0.00034369878937629315 0.0 
36 0.03157234472108661 0.0001547211711911762 0.0 
37 0.03246891080400087 5.671597184427281e-05 0.0 
38 0.032309425491174784 1.5880472116396386e-05 0.0 
39 0.033210301987949206 3.7432541417220043e-06 0.0 
40 0.032453105953180274 2.268638873770912e-07 0.0 
41 0.03284966402831543 0.0 0.0 
42 0.032307988686554726 0.0 0.0 
43 0.032907136213117624 0.0 0.0 
44 0.03269879954320966 0.0 0.0 
45 0.03270598356630994 0.0 0.0 
46 0.03264707457688769 0.0 0.0 
47 0.032908573017737676 0.0 0.0 
48 0.03241574903305885 0.0 0.0 
49 0.03255368227658412 0.0 0.0 
50 0.03288845775305691 0.0 0.0 
51 0.03272753563561076 0.0 0.0 
52 0.03256086629968439 0.0 0.0 
53 0.03273471965871104 0.0 0.0 
54 0.03257667115050499 0.0 0.0 
55 0.032698799543209665 0.0 0.0 
56 0.032769202969592355 0.0 0.0 
57 0.032690178715489335 0.0 0.0 
58 0.03274621409567147 0.0 0.0 
59 0.032991907685700865 0.0 0.0 
60 0.03257379754126489 0.0 0.0 
61 0.032783571015792906 0.0 0.0 
62 0.03292868828241845 0.0 0.0 
63 0.03252350937956296 0.0 0.0 
64 0.0328726529022363 0.0 0.0 
65 0.03235540323901654 0.0 0.0 
66 0.03292868828241845 0.0 0.0 
67 0.032540751035003625 0.0 0.0 
68 0.03227063176643329 0.0 0.0 
69 0.032974666030260204 0.0 0.0 
70 0.032375518503697305 0.0 0.0 
71 0.03240569140071846 0.0 0.0 
72 0.032855411246795654 0.0 0.0 
73 0.03288271053457669 0.0 0.0 
74 0.03257092393202477 0.0 0.0 
75 0.03273759326795114 0.0 0.0 
76 0.03266000581846818 0.0 0.0 
77 0.03272897244023081 0.0 0.0 
78 0.03287265290223631 0.0 0.0 
79 0.03268155788776901 0.0 0.0 
80 0.032622648898346755 0.0 0.0 
81 0.03270742037092999 0.0 0.0 
82 0.03248758926406159 0.0 0.0 
83 0.0330896103998646 0.0 0.0 
84 0.03274621409567148 0.0 0.0 
85 0.032464600390140715 0.0 0.0 
86 0.03289995219001735 0.0 0.0 
87 0.0322735053756734 0.0 0.0 
88 0.03262695931220692 0.0 0.0 
89 0.03338702895621596 0.0 0.0 
90 0.0319042465883193 0.0 0.0 
91 0.03137262887889898 0.0 0.0 
92 0.031546482237925624 0.0 0.0 
93 0.02412825998458212 0.0 0.0 
94 0.0058420475851432676 0.0 0.0 
95 0.00035920115501372773 0.0 0.0 
96 0.0 0.0 0.0 
