0 0.0 0.0 0.0 
1 0.0 0.0 0.0 
2 0.0 0.0 9.455442168743714e-05 
3 0.0 0.0 0.00047963918934186 
4 0.0 0.0 0.0007860572787036838 
5 0.0 0.0 0.0009379863645177478 
6 0.0 0.0 0.0010418865176139132 
7 0.0 0.0 0.0011107198611199378 
8 0.0 0.0 0.0011291675222484705 
9 0.0 1.3344934551593601e-06 0.0011527756524592145 
10 4.225895941337973e-06 3.1138180620385064e-06 0.001122625510262361 
11 1.2677687824013919e-05 1.5124259158472747e-05 0.0011412763394649968 
12 6.761433506140758e-05 3.9256349139271176e-05 0.0011320525089007303 
13 0.00022538111687135857 6.338843912006961e-05 0.0011133204124684532 
14 0.0004070946423488914 6.906003630449688e-05 0.0011001957548814132 
15 0.0007662957973626191 7.306351666997495e-05 0.0010728086984923575 
16 0.0008536309801502707 0.00011910354087297288 0.0010674856949508646 
17 0.0006085290155526682 0.00021540948522030668 0.0010323376181310825 
18 0.0007198109420079015 0.0003048205467159838 0.001007266677786798 
19 0.0009451920588792601 0.0003642055054705753 0.0009757756263008662 
20 0.0016086577216693216 0.0003965669717581898 0.0009273403574347617 
21 0.002197465889495746 0.000462846813364438 0.0008784987524204517 
22 0.0029144595675427553 0.0006121988725543563 0.0007745579657094659 
23 0.004197723301729054 0.0009253600033650861 0.00061157653666421 
24 0.005206303799728384 0.0013629626488694266 0.00041397526779183907 
25 0.006221927457629943 0.0017298371412503206 0.0002594862642440798 
26 0.007630559438075934 0.0020621260115850013 0.00012811778752921759 
27 0.009415296157301006 0.002123957541674051 4.7622596569693316e-05 
28 0.012459349867044793 0.0020589009857350325 1.1092976846012182e-05 
29 0.014684988396149458 0.0019653752360859473 1.6253445928222976e-06 
30 0.016657073168773844 0.0017966730217962184 2.438016889233446e-07 
31 0.019032026687805785 0.0016049507954049903 0.0 
32 0.021657716699357114 0.0013272649489439136 0.0 
33 0.024596123010567447 0.0008886614333482039 0.0 
34 0.02822757625615721 0.0005168937982983922 0.0 
35 0.031133584031817298 0.00025166322408546926 0.0 
36 0.03138432052433668 0.00012155011220743171 0.0 
37 0.032483053469084554 5.571510175290327e-05 0.0 
38 0.03232387805529416 1.734841491707168e-05 0.0 
39 0.032835211464196046 3.2250258499684527e-06 0.0 
40 0.032752102177349744 1.1120778792994667e-07 0.0 
41 0.03272533816972127 0.0 0.0 
42 0.03295353655055351 0.0 0.0 
43 0.03254644190820462 0.0 0.0 
44 0.03281408198448936 0.0 0.0 
45 0.03287887905558988 0.0 0.0 
46 0.03288592221549211 0.0 0.0 
47 0.032515452004634814 0.0 0.0 
48 0.03275210217734974 0.0 0.0 
49 0.032792952504782674 0.0 0.0 
50 0.03284507188805917 0.0 0.0 
51 0.03263236845901183 0.0 0.0 
52 0.032753510809330186 0.0 0.0 
53 0.032935224334807715 0.0 0.0 
54 0.03268871373822967 0.0 0.0 
55 0.03263800298693361 0.0 0.0 
56 0.03264222888287495 0.0 0.0 
57 0.032728155433682155 0.0 0.0 
58 0.03263377709099227 0.0 0.0 
59 0.03289578263935523 0.0 0.0 
60 0.032750693545369296 0.0 0.0 
61 0.03268589647426877 0.0 0.0 
62 0.0326281425630705 0.0 0.0 
63 0.03277182302507599 0.0 0.0 
64 0.03243375134976895 0.0 0.0 
65 0.032530946956419726 0.0 0.0 
66 0.03305777531710652 0.0 0.0 
67 0.03247882757314322 0.0 0.0 
68 0.03286479273578542 0.0 0.0 
69 0.03284084599211783 0.0 0.0 
70 0.032552076436126405 0.0 0.0 
71 0.03268730510624923 0.0 0.0 
72 0.032698574162092785 0.0 0.0 
73 0.03306200121304786 0.0 0.0 
74 0.03255630233206775 0.0 0.0 
75 0.03255207643612641 0.0 0.0 
76 0.03269716553011234 0.0 0.0 
77 0.03255911959602865 0.0 0.0 
78 0.032718295009819036 0.0 0.0 
79 0.03284084599211783 0.0 0.0 
80 0.03277604892101732 0.0 0.0 
81 0.03260983034732469 0.0 0.0 
82 0.03262532529910961 0.0 0.0 
83 0.03282253377637204 0.0 0.0 
84 0.03280140429666535 0.0 0.0 
85 0.03302255951759537 0.0 0.0 
86 0.032721112273779926 0.0 0.0 
87 0.03235205069490308 0.0 0.0 
88 0.032622508035148705 0.0 0.0 
89 0.033050732157204284 0.0 0.0 
90 0.03193509562869107 0.0 0.0 
91 0.031566034049814215 0.0 0.0 
92 0.03143362264365229 0.0 0.0 
93 0.023880537964500893 0.0 0.0 
94 0.006002180868680369 0.0 0.0 
95 0.0003746961067986337 0.0 0.0 
96 0.0 0.0 0.0 
